S1 <- c("B01", "B02", "B03")
S2 <- c("B05", "B06", "B07")
S3 <- c("B09", "B10", "B11")
S4 <- c("C01", "C02", "C03")
S5 <- c("C05", "C06", "C07")
S6 <- c("C09", "C10", "C11")
S7 <- c("D01", "D02", "D03")
S8 <- c("D05", "D06", "D07")
S9 <- c("D09", "D10", "D11")
S10 <- c("E01", "E02", "E03")
S11 <- c("E05", "E06", "E07")
S12 <- c("E09", "E10", "E11")
S13 <- c("F01", "F02", "F03")
S14 <- c("F05", "F06", "F07")
S15 <- c("F09", "F10", "F11")
S16 <- c("G01", "G02", "G03")
S17 <- c("G05", "G06", "G07")
S18 <- c("G09", "G10", "G11")
S19 <- c("H01", "H02", "H03")
S20 <- c("H05", "H06", "H07")